197 215 20 132 248 207 155 244 183 111 71 144 48 128 75 158 50 37 169 241 51 181 222 161 104 226 133 31 7 47 204 0 252 170 124 166 32 97 113 122 72 229 46 41 163 250 55 154 149 63 147 227 162 123 148 94 96 95 16 243 35 45 66 76 19 200 141 120 110 214 140 230 182 42 59 249 171 8 138 112 190 87 218 74 23 13 61 189 18 11 99 245 107 217 36 179 223 92 239 102 240 86 29 81 82 175 60 89 6 209 159 198 78 234 40 143 69 246 180 67 212 98 114 193 205 84 228 80 
228 249 0 19 253 166 159 239 25 212 96 42 66 7 205 213 161 1 109 50 97 60 101 154 143 93 51 243 203 41 11 140 231 59 131 68 177 58 79 142 9 21 20 105 132 187 234 222 190 91 106 192 149 4 70 77 138 170 172 188 47 173 18 83 76 148 184 202 150 244 122 24 157 36 206 168 153 55 246 242 175 63 245 254 218 171 85 44 33 43 113 31 197 201 229 250 111 216 112 133 220 98 183 32 14 103 110 74 53 193 185 75 207 165 255 174 162 164 194 240 115 169 82 235 195 17 46 39 
218 105 148 213 246 198 119 10 0 93 154 130 170 33 252 134 155 208 196 31 83 65 122 146 171 28 18 72 251 41 77 180 210 238 197 234 24 51 241 16 67 165 53 177 99 56 30 239 172 63 151 150 62 96 19 200 227 190 97 233 182 38 22 20 248 13 110 117 47 215 156 58 74 216 43 212 32 50 79 15 228 220 254 166 129 40 36 183 176 178 91 5 118 187 73 106 1 104 3 188 12 95 232 57 244 132 66 14 185 242 149 167 94 52 157 80 192 75 64 114 161 124 121 214 23 201 39 37 
67 215 153 213 72 216 152 181 43 127 227 189 29 192 209 4 164 225 104 190 150 241 46 94 55 141 57 78 228 204 221 89 126 232 174 236 44 247 0 229 3 111 58 154 79 217 47 254 118 207 143 11 61 138 20 131 203 202 52 129 145 100 18 36 134 156 60 83 34 212 148 144 68 107 53 210 206 142 149 226 70 80 63 195 205 239 71 242 244 250 256 162 252 30 73 253 26 110 13 200 5 41 184 21 59 1 116 147 97 222 235 169 196 86 75 161 66 106 95 178 199 218 251 112 224 25 198 17 
119 43 95 186 29 88 152 44 145 180 210 234 27 220 232 250 130 243 110 172 136 21 22 26 83 179 1 148 3 71 32 219 113 203 98 173 52 163 165 233 166 14 97 188 41 107 177 96 103 128 154 159 196 246 176 122 156 37 4 235 253 224 24 211 252 225 60 123 50 78 109 39 218 201 20 92 127 112 65 142 222 54 146 151 226 236 133 139 118 8 212 111 25 62 183 117 144 33 157 167 191 245 87 70 7 187 12 66 202 79 90 69 105 254 120 67 255 55 13 158 6 160 40 132 205 162 149 30 
106 19 161 127 175 225 115 133 176 83 156 8 182 29 77 180 11 251 31 12 123 23 6 167 34 216 69 110 229 222 72 183 159 90 168 209 195 4 135 236 21 62 199 87 1 256 70 75 40 121 126 86 218 53 234 76 20 129 174 192 13 18 254 45 149 120 207 172 138 252 201 7 147 240 17 134 233 202 61 206 177 253 26 10 139 130 148 197 128 59 124 78 169 79 185 150 165 220 0 22 226 64 245 131 96 35 217 142 89 32 80 56 196 136 145 219 143 132 162 97 221 3 184 237 210 116 81 99 
181 254 9 127 123 140 94 215 39 229 121 230 51 96 84 225 33 218 202 139 129 223 182 167 46 157 15 252 5 128 103 203 197 199 19 238 64 142 12 242 69 21 41 177 184 2 35 97 56 241 22 161 201 208 72 75 206 156 30 83 68 246 23 198 92 176 42 89 135 133 132 233 79 78 90 17 36 98 122 234 81 170 243 29 175 1 40 53 180 231 171 193 185 60 162 11 93 172 211 31 159 26 86 183 209 27 130 158 232 32 49 63 13 179 10 6 165 253 205 134 14 50 16 146 18 0 192 80 
75 82 89 81 124 168 12 247 203 22 115 123 144 87 121 180 83 215 237 186 70 197 6 2 199 88 76 9 165 1 19 24 57 78 194 13 214 223 170 126 110 204 37 66 208 179 49 220 125 241 195 202 122 246 35 129 141 190 11 242 20 164 200 54 73 201 221 53 235 236 86 174 210 145 188 176 183 27 100 131 90 166 151 21 149 17 137 192 106 177 68 67 56 182 84 15 38 39 217 116 69 252 147 171 60 209 134 175 256 169 74 156 120 193 50 104 136 43 18 5 59 185 162 55 231 249 117 85 
209 106 224 207 135 10 68 198 87 225 27 192 44 171 119 233 20 245 52 137 251 201 242 92 117 186 81 154 73 35 244 47 246 56 151 72 184 48 70 29 101 3 16 54 177 175 49 2 123 116 254 159 140 115 4 253 181 174 46 39 156 216 188 195 74 118 147 102 183 144 196 66 61 205 256 241 191 221 142 53 149 228 78 176 124 95 173 255 199 237 236 112 204 249 161 0 162 220 24 208 134 167 91 57 14 22 59 41 238 212 34 90 243 223 107 21 172 232 128 139 12 69 194 163 103 215 63 229 
240 91 232 173 65 213 130 193 40 171 119 127 179 246 210 12 228 3 207 114 219 123 129 244 243 72 116 225 145 184 248 76 44 96 153 62 30 79 175 18 82 239 199 254 98 85 200 24 167 93 222 77 252 109 16 124 249 162 100 0 22 31 68 226 55 217 146 83 190 182 224 34 75 112 58 201 237 107 188 23 10 106 211 2 69 250 158 194 33 7 104 214 159 42 11 122 14 78 238 132 56 142 195 196 135 45 161 32 245 163 197 59 15 60 220 126 139 176 149 191 97 253 169 70 50 128 53 38 
65 248 17 114 177 49 111 90 117 204 103 224 178 80 137 102 110 238 160 141 0 42 167 157 165 43 7 149 58 85 140 229 45 212 209 62 41 237 89 151 123 223 146 16 11 4 39 162 147 24 127 71 132 28 198 214 143 115 129 250 216 191 86 26 118 244 196 15 122 50 93 185 211 63 126 255 144 206 220 241 29 84 182 77 113 154 74 95 128 13 92 119 213 124 153 10 235 31 210 195 108 197 252 52 64 44 5 202 230 176 107 23 27 34 228 68 148 6 75 179 183 187 152 256 245 203 173 242 
154 225 71 243 151 169 178 194 202 205 256 152 120 96 220 110 135 85 174 132 221 233 26 99 131 234 35 9 103 52 0 94 88 184 137 4 8 10 158 201 255 185 181 44 59 12 7 139 180 106 196 100 163 91 254 77 208 116 1 27 223 16 69 43 214 31 173 70 161 140 248 246 138 39 81 55 207 229 215 64 57 95 150 51 217 134 141 56 182 38 20 62 197 13 160 200 115 24 107 211 14 204 67 28 228 74 65 86 45 240 147 129 108 206 5 145 79 72 68 58 170 3 165 32 190 230 41 224 
196 206 245 218 37 112 73 204 160 75 36 79 17 59 34 137 154 180 244 205 163 238 176 118 19 187 175 3 127 39 243 56 188 222 124 12 57 20 183 92 174 248 247 214 0 120 82 22 84 197 147 109 13 232 88 226 161 167 220 219 200 121 195 151 123 108 130 190 233 172 74 164 131 58 228 104 45 254 107 150 199 139 103 181 208 10 98 100 83 234 41 128 256 249 27 30 171 81 136 224 158 212 246 191 46 8 169 49 21 48 159 65 101 142 94 115 70 66 116 132 253 155 138 40 69 93 179 64 
138 41 142 112 2 73 106 1 214 65 74 248 21 163 89 233 162 226 118 140 96 51 179 250 139 180 144 111 146 200 33 192 58 48 70 235 216 133 99 90 35 135 225 167 26 176 199 196 64 77 17 156 227 212 107 239 104 44 49 205 62 238 85 16 103 119 123 193 208 108 101 251 46 98 66 220 202 134 241 14 105 110 3 121 232 141 148 168 152 45 63 254 189 117 69 209 122 9 59 164 38 184 102 151 217 18 39 147 79 76 219 80 71 91 19 153 240 43 187 50 253 125 15 131 83 81 124 6 
115 73 79 90 34 54 143 48 138 239 132 214 21 38 72 231 30 177 170 130 208 199 11 151 123 108 45 126 109 163 5 128 215 66 169 198 102 152 227 121 134 156 43 188 74 230 13 197 229 26 146 217 99 82 3 136 131 101 248 241 135 206 67 254 137 88 7 106 173 133 55 15 223 158 165 98 210 65 63 127 183 226 181 218 209 186 44 49 245 201 29 87 154 142 172 0 47 124 191 236 204 52 2 168 159 58 256 147 31 125 56 84 238 85 225 193 8 62 51 42 195 196 117 237 95 4 119 145 
177 160 242 239 129 176 139 83 95 113 236 165 11 190 146 126 10 52 235 93 101 199 169 68 16 251 211 225 188 6 104 34 67 44 207 142 106 40 219 244 175 1 151 214 229 145 32 19 194 195 118 144 248 205 0 222 147 78 204 220 202 154 240 189 155 87 217 224 158 33 116 192 12 173 79 254 35 50 90 117 91 5 223 148 203 159 81 245 80 54 59 156 200 136 30 150 112 232 105 193 20 21 46 3 29 22 86 41 71 69 39 103 51 249 221 58 228 256 70 216 66 17 127 48 157 123 186 180 
191 10 4 0 73 131 107 70 95 59 250 247 64 141 133 71 20 88 179 165 102 48 256 253 74 128 164 97 124 180 204 52 140 198 182 16 169 118 201 17 215 138 81 134 23 137 40 171 213 3 136 116 91 129 189 58 87 254 37 208 146 21 132 2 15 168 207 119 101 232 230 177 186 8 214 245 197 7 96 211 200 82 78 219 195 227 109 32 1 154 94 50 90 203 217 251 237 61 161 145 192 11 255 103 216 139 18 212 43 142 13 252 199 241 243 12 157 220 34 112 49 84 65 225 79 174 114 22 
184 135 201 49 157 66 71 74 32 174 99 22 13 250 241 39 25 238 69 132 41 154 182 239 189 21 168 52 51 56 156 187 92 3 243 207 109 46 213 136 248 221 252 192 219 105 217 98 137 36 70 164 185 149 230 175 125 83 236 65 112 254 79 227 162 89 44 161 139 59 57 193 167 158 170 0 96 95 86 81 123 40 54 26 45 200 237 72 29 77 61 206 48 144 111 88 231 172 133 90 82 43 108 183 233 169 234 28 178 255 115 118 33 64 225 222 50 165 68 102 121 246 138 151 9 100 256 159 
225 89 56 24 233 192 214 162 172 116 169 253 74 13 246 71 0 43 9 70 28 164 159 99 32 117 90 184 196 188 107 200 20 114 3 228 5 212 78 102 66 143 150 231 175 211 251 168 136 155 227 170 205 171 206 7 109 239 152 219 91 244 97 87 98 39 138 83 94 248 62 127 222 59 27 19 46 48 75 183 187 51 49 250 64 104 146 96 141 166 86 202 31 218 63 33 252 125 30 176 45 234 81 72 232 34 199 139 145 14 207 12 67 153 79 80 40 215 173 42 47 124 57 103 135 181 129 226 
19 159 228 221 114 242 7 202 172 109 178 150 83 90 143 102 60 180 193 79 154 130 85 207 14 39 95 199 210 40 127 34 110 165 231 50 86 81 24 224 133 31 252 37 8 96 87 148 44 76 190 0 171 158 115 155 6 211 181 36 168 177 51 153 205 4 119 220 238 2 89 232 22 46 65 201 196 112 55 15 20 144 194 13 163 215 182 125 16 212 173 234 94 100 108 18 61 156 73 92 141 28 195 56 254 113 209 198 226 185 23 116 204 248 78 84 58 67 213 131 187 70 227 138 30 136 98 53 
137 251 190 150 29 135 55 183 145 99 174 119 123 102 96 193 62 128 86 177 200 13 22 222 56 130 153 43 53 256 216 180 91 75 147 89 248 126 39 244 98 218 167 52 71 237 179 66 32 235 205 246 163 159 247 72 23 210 33 90 34 57 201 118 149 54 217 151 15 25 206 211 188 116 125 83 59 74 221 76 95 92 11 171 161 252 146 46 106 21 132 112 133 230 65 19 49 224 143 227 9 175 164 124 185 192 103 8 157 60 160 12 73 47 64 100 42 114 162 10 140 195 109 82 231 5 80 1 
85 25 47 189 27 114 115 254 130 159 191 160 124 66 109 118 50 71 54 21 46 222 232 230 202 7 163 107 64 153 150 205 234 126 201 135 157 61 136 231 228 52 165 39 223 174 3 55 168 53 100 2 9 158 236 56 10 255 121 140 154 102 244 169 78 197 233 134 178 142 113 93 238 132 243 48 42 88 26 128 184 170 29 196 89 145 22 155 138 38 229 183 251 0 80 177 119 58 24 194 227 193 18 166 13 6 235 108 90 204 28 70 5 131 216 34 246 173 171 226 195 103 15 76 123 252 221 92 
228 134 88 19 184 151 174 140 117 200 2 30 51 69 169 84 9 21 83 79 40 71 77 95 208 199 189 147 176 8 121 5 188 175 44 187 33 209 96 129 76 108 94 57 163 49 183 130 239 202 214 162 132 91 172 229 41 191 137 180 211 105 102 80 235 218 125 0 15 225 48 26 198 148 220 1 206 248 252 217 207 31 158 90 85 164 62 230 81 116 64 234 160 245 178 112 159 14 251 70 138 7 146 3 68 240 216 72 255 133 203 123 236 103 93 254 233 149 53 107 157 66 177 145 142 190 55 171 
133 55 28 15 174 217 247 162 117 61 215 42 128 176 76 20 4 64 197 186 14 190 171 204 56 53 98 108 165 206 73 21 16 181 106 210 59 173 46 52 70 139 120 87 110 196 222 101 104 5 143 214 185 170 119 255 26 135 221 51 19 167 169 58 144 50 123 155 33 49 200 245 166 115 66 121 27 239 244 126 111 89 151 229 230 103 243 134 97 231 81 109 179 220 199 85 67 250 141 3 156 228 202 148 161 12 184 17 218 11 24 208 153 13 195 54 140 22 31 178 60 7 92 62 79 122 118 249 
38 116 66 201 234 33 126 60 79 222 251 215 131 98 18 199 252 71 24 157 197 245 233 170 118 32 153 256 121 174 155 122 139 149 194 165 163 106 48 99 52 124 209 83 161 108 214 237 125 140 186 200 243 225 49 85 61 136 135 4 101 12 30 212 217 218 20 242 7 44 77 84 249 137 75 68 6 14 226 141 154 10 195 238 19 204 181 46 160 13 236 132 193 221 230 250 110 56 111 164 142 94 55 235 11 244 128 88 90 82 220 26 27 117 189 232 144 169 191 34 58 78 173 180 130 5 37 51 
233 75 195 94 209 17 176 217 142 144 72 42 227 160 96 22 112 69 100 145 105 135 28 187 196 67 18 98 153 229 150 1 21 219 223 5 85 52 214 118 137 205 256 181 79 46 167 110 201 192 168 99 121 251 126 143 82 231 40 202 203 216 14 74 147 157 104 152 248 57 178 45 234 186 114 51 183 236 97 158 148 50 34 222 102 253 250 207 242 2 232 37 211 163 91 41 174 26 80 128 149 0 252 35 241 239 245 107 237 180 226 246 184 32 131 146 90 247 92 154 24 16 23 127 240 59 136 9 
88 242 24 34 9 128 74 224 81 111 122 112 31 229 250 169 77 36 28 116 205 135 4 253 133 51 76 40 189 163 102 108 153 126 80 94 181 146 212 216 130 78 56 190 203 61 95 25 209 15 139 161 120 8 16 11 119 167 57 46 145 131 238 29 54 138 69 60 185 136 187 27 32 149 143 3 70 171 104 38 217 177 37 82 90 45 256 194 182 110 236 103 239 52 226 100 179 160 174 12 199 191 67 192 198 144 96 106 35 93 98 172 193 53 23 186 84 183 173 148 164 218 87 231 237 71 180 162 
62 15 74 182 166 104 148 185 24 48 224 117 8 232 243 33 121 38 106 101 190 3 152 143 4 173 30 176 84 210 40 221 233 160 6 191 11 42 238 248 126 29 55 193 50 209 65 244 155 197 2 16 111 85 90 236 91 231 97 5 23 240 198 137 87 20 229 245 136 217 115 167 195 120 102 171 99 79 150 93 223 54 131 196 32 189 203 76 250 53 135 216 187 204 133 234 109 47 162 192 214 127 59 154 43 81 222 80 123 252 67 1 157 226 71 174 156 69 94 165 206 151 179 230 246 212 107 251 
31 175 251 25 165 253 186 224 34 47 145 151 223 174 233 57 177 228 211 16 203 179 3 181 11 240 217 112 30 156 99 111 58 207 60 27 134 163 173 26 231 76 9 208 128 246 139 114 150 83 126 102 124 138 176 96 166 32 196 105 106 195 248 154 40 48 157 14 178 44 230 148 159 252 192 141 113 190 55 201 189 74 243 136 69 38 78 131 22 182 199 54 12 103 210 10 53 41 172 212 109 236 88 146 50 0 235 77 140 92 81 36 123 256 82 19 61 180 171 218 116 45 239 155 15 245 153 52 
190 21 92 159 93 174 244 114 194 172 6 173 228 104 234 213 161 220 219 97 81 245 26 98 253 0 53 83 108 57 62 96 10 82 193 60 215 171 115 30 56 101 43 40 4 130 74 158 150 164 142 66 85 168 102 122 64 201 242 9 144 50 24 17 76 156 39 230 223 106 140 38 180 251 218 169 8 16 58 240 225 100 229 3 129 125 116 141 200 187 124 25 45 112 181 54 139 95 224 231 47 256 63 94 37 132 221 155 105 68 55 107 75 255 134 42 127 113 67 254 52 185 217 90 209 65 199 188 
101 104 183 115 255 25 211 237 21 164 103 161 83 14 166 251 37 206 157 91 8 243 59 105 228 148 155 3 179 138 46 7 12 239 24 76 43 28 131 159 32 41 114 17 160 170 249 13 122 182 87 214 97 202 26 137 109 153 77 6 205 126 9 20 231 168 152 200 256 39 112 135 187 130 119 149 140 193 248 57 213 100 89 106 190 226 225 209 107 227 175 48 111 244 158 53 11 16 36 216 247 151 253 30 242 189 65 230 123 127 116 145 56 197 172 176 72 196 233 212 80 118 19 191 236 232 58 132 
66 152 18 100 149 133 121 41 234 58 249 164 92 156 53 1 104 113 185 91 190 170 118 158 99 28 193 131 148 198 137 43 29 0 67 116 65 147 88 82 19 254 159 122 183 61 107 112 78 79 143 244 228 151 98 175 105 69 236 83 220 199 141 111 178 157 221 192 229 209 108 26 130 25 246 24 211 89 14 7 129 90 35 16 139 11 153 200 52 194 208 169 127 84 227 196 160 231 75 49 144 59 155 256 174 210 171 34 252 57 120 23 250 202 240 253 154 212 161 44 77 115 30 235 95 13 168 165 
43 154 207 37 250 162 179 220 48 61 8 78 187 123 12 40 52 157 218 196 148 164 244 30 120 139 169 211 167 28 42 39 20 160 68 26 135 114 165 109 105 70 229 193 79 41 192 168 150 222 99 216 74 161 67 118 65 247 159 23 227 225 75 256 198 121 234 213 22 10 140 205 73 112 117 212 89 25 49 2 122 58 32 21 98 126 111 172 208 209 189 45 62 166 38 24 152 18 86 55 191 180 145 87 232 97 124 47 81 254 91 0 246 130 133 217 60 200 153 253 27 252 16 107 128 116 151 221 
150 236 244 214 109 104 2 110 187 85 157 111 17 222 209 173 66 44 30 169 25 34 56 24 60 75 193 156 15 225 52 97 6 119 84 4 224 135 148 92 201 161 53 61 74 242 79 5 152 133 132 230 248 113 138 223 233 154 227 112 54 200 102 62 186 124 10 256 35 208 182 168 55 23 251 221 139 199 142 196 64 8 88 21 162 239 103 205 31 234 206 129 146 87 207 131 71 41 159 155 1 254 145 49 185 195 107 160 213 212 172 174 171 178 189 43 130 175 140 144 77 211 202 117 137 229 70 141 
24 4 122 185 170 59 231 30 140 78 249 110 116 46 54 134 251 239 156 215 186 94 60 64 206 139 43 148 85 242 212 125 191 138 168 89 132 111 50 149 197 204 173 238 48 35 124 84 234 96 184 136 18 69 3 188 227 146 159 91 7 151 83 13 225 61 223 42 115 141 65 244 228 44 180 158 254 230 160 58 38 126 217 34 11 72 210 169 171 80 246 200 86 49 187 81 233 77 19 153 106 201 241 10 137 57 152 189 195 147 40 229 9 56 216 73 20 52 157 71 219 130 214 247 121 232 68 93 
66 128 144 141 54 162 57 2 100 33 23 136 248 218 61 87 131 99 118 160 92 19 26 0 48 25 253 46 156 182 81 123 85 232 196 103 27 252 76 208 39 88 86 161 82 210 184 216 213 148 105 207 256 114 235 43 5 243 18 166 172 247 36 31 34 151 94 139 124 44 97 17 155 223 16 9 119 217 67 179 117 242 237 80 234 191 127 71 30 206 111 221 64 197 20 1 126 187 15 45 112 84 198 190 209 101 73 240 153 180 152 203 122 211 70 21 174 96 249 69 107 189 116 65 246 10 195 108 
244 1 206 63 133 237 25 161 247 27 248 70 69 180 233 167 31 42 101 0 211 139 106 59 172 120 171 200 98 118 36 8 224 100 116 158 85 46 201 88 14 39 50 253 48 104 164 140 28 256 243 174 132 10 138 30 17 178 2 241 179 95 125 94 84 235 110 113 71 230 240 176 4 73 126 22 9 131 18 183 54 192 165 205 162 155 250 24 142 182 80 242 196 12 76 207 135 177 55 187 175 114 121 129 193 169 223 149 119 43 75 249 108 83 60 137 166 78 184 246 52 124 198 26 163 15 123 64 
197 13 111 116 216 33 47 159 36 172 67 219 58 57 108 52 89 98 102 188 40 127 140 100 256 245 121 177 0 156 88 107 9 239 176 115 205 71 187 82 253 38 106 255 185 241 213 130 1 250 135 20 16 247 223 249 63 103 25 189 199 133 173 168 76 62 182 46 138 179 204 53 160 72 144 129 183 83 28 56 99 242 113 226 86 104 232 95 248 66 246 184 84 193 254 203 206 18 162 73 81 134 236 51 114 164 70 227 55 192 149 170 163 233 54 64 90 109 178 65 93 208 240 92 22 136 48 10 
251 141 218 20 128 244 21 242 246 172 243 216 19 36 44 116 96 110 140 161 89 207 124 45 11 187 6 92 157 205 30 74 186 63 156 196 215 249 240 165 86 127 176 162 87 208 195 170 167 73 226 40 155 100 12 224 113 5 4 149 0 31 123 169 185 179 43 143 69 35 39 137 125 3 223 174 219 203 236 59 2 133 58 183 37 171 202 193 51 91 210 17 29 81 181 234 148 247 160 152 88 252 18 221 189 99 190 126 105 15 214 151 192 57 106 56 68 76 138 65 256 84 237 131 239 188 199 33 
214 240 155 127 9 213 150 229 247 197 169 179 65 176 157 235 73 104 43 234 71 128 59 84 184 244 20 94 102 137 4 0 163 168 50 98 46 195 21 198 147 125 64 177 107 96 211 82 223 140 1 231 151 141 187 16 100 74 44 103 202 208 161 55 51 123 42 91 120 248 47 221 118 171 138 227 209 41 29 24 190 93 126 183 17 114 162 45 28 164 255 199 206 254 175 23 67 174 69 88 182 238 122 181 6 112 38 225 154 2 252 8 79 26 245 68 99 222 75 11 106 34 78 101 205 236 204 224 
89 248 101 37 99 237 15 166 197 60 203 93 216 159 90 211 136 61 212 44 179 4 246 151 199 226 253 182 244 125 13 185 117 126 157 129 220 223 142 144 64 12 123 69 254 104 255 28 241 22 9 51 116 39 77 217 155 72 109 132 235 150 143 75 130 115 213 105 20 140 184 113 135 112 38 252 137 111 193 214 225 191 219 133 148 173 1 187 63 192 181 245 79 80 202 54 71 102 154 238 31 73 180 171 247 59 103 201 209 222 194 36 106 167 11 215 18 66 76 251 23 35 14 33 110 240 158 91 
121 176 27 31 231 162 192 23 22 8 94 36 123 249 256 122 30 112 226 5 64 86 242 48 163 220 227 126 34 136 247 200 92 147 149 134 2 108 115 118 239 3 45 203 165 254 187 230 253 25 140 139 103 88 129 54 208 193 32 178 135 219 228 229 209 213 52 76 214 9 93 204 153 18 6 15 38 105 21 110 95 177 142 252 77 217 183 90 244 170 0 107 201 251 114 188 185 151 223 128 145 250 24 137 199 98 29 11 166 169 17 113 225 141 144 44 130 46 117 84 211 60 180 47 78 63 55 196 
248 197 89 163 253 12 98 158 168 122 86 151 137 53 199 176 41 135 191 106 220 177 47 1 244 13 124 37 149 57 129 221 26 54 192 107 77 234 35 62 92 229 160 80 2 153 223 212 23 91 117 235 236 6 201 134 109 96 45 51 61 206 159 7 59 185 112 15 19 70 38 228 188 110 84 213 164 148 58 97 207 209 72 39 114 222 147 25 31 200 143 52 3 10 146 22 9 196 73 249 48 46 105 126 120 0 111 225 190 173 178 5 194 247 167 205 203 66 250 136 166 8 165 123 162 202 93 99 
127 192 55 197 126 153 4 93 154 185 165 172 209 226 178 43 187 102 19 167 48 191 128 12 141 69 225 150 37 39 71 61 33 125 28 66 49 38 89 179 68 133 242 142 1 109 100 195 252 130 6 74 135 117 155 166 77 44 54 255 119 82 20 7 13 40 157 132 162 218 214 58 212 230 183 243 52 227 57 223 53 156 228 85 200 67 208 97 70 47 99 152 151 235 251 21 175 220 10 144 9 123 146 115 11 114 42 134 50 193 62 137 83 254 120 108 149 180 98 75 94 78 140 79 224 217 122 229 
29 188 54 218 142 33 255 179 96 44 94 35 15 222 63 174 165 58 80 169 153 57 69 175 211 95 74 21 173 156 102 127 146 224 2 129 62 6 106 208 12 66 231 207 226 235 163 247 45 138 219 100 40 42 43 196 201 213 252 161 68 150 4 28 85 140 206 128 117 246 90 75 139 114 215 225 108 158 67 92 193 87 217 20 91 8 16 141 137 209 101 39 11 111 9 166 32 36 228 245 237 121 55 24 19 105 223 253 46 53 65 145 97 221 112 191 73 203 233 51 30 72 194 88 164 31 187 205 
211 14 121 37 190 83 250 50 246 185 240 10 82 91 224 105 255 67 218 152 31 238 84 96 248 36 197 55 114 209 252 153 154 62 217 194 97 71 179 38 9 133 116 161 43 74 112 208 27 144 3 34 22 58 98 32 212 19 206 162 199 2 251 191 241 28 128 1 151 127 90 48 119 229 59 66 87 49 94 198 100 225 244 33 155 68 140 149 138 203 130 172 193 242 65 171 187 35 141 204 92 157 29 156 77 243 222 21 106 148 231 42 164 175 5 39 75 180 12 235 228 158 108 216 249 150 160 109 
56 100 65 211 20 251 173 137 169 247 54 1 15 190 142 215 118 198 112 34 50 139 8 202 149 191 207 94 184 192 63 217 170 132 171 48 91 227 122 97 229 84 182 28 156 120 82 42 167 245 41 166 165 58 52 212 194 178 141 18 123 138 0 253 2 14 38 90 185 235 206 81 236 95 188 238 83 33 196 40 26 57 78 225 80 17 22 221 175 62 254 30 98 234 5 252 213 69 71 117 126 12 186 161 162 114 25 250 51 67 244 249 177 87 125 136 147 243 150 77 99 157 4 189 199 197 49 130 
51 144 86 68 233 211 196 212 118 41 47 219 163 157 255 210 177 206 241 203 127 16 59 164 27 160 155 167 250 39 64 17 53 201 1 151 159 197 214 141 32 7 115 147 11 36 136 78 104 121 146 42 113 237 34 251 66 181 217 195 170 69 3 100 222 111 37 142 154 239 99 194 52 208 171 84 65 14 123 46 150 18 117 88 223 213 60 242 38 193 24 55 134 87 43 50 8 148 83 77 119 57 198 76 249 191 13 137 130 45 106 180 256 207 33 156 202 109 253 89 35 96 70 224 94 244 61 138 
137 212 35 194 190 48 50 74 149 112 226 98 104 255 96 103 100 136 221 129 121 130 245 70 249 126 14 169 38 246 207 93 239 16 17 225 113 114 119 2 123 241 110 196 180 250 42 18 254 60 102 65 152 58 31 20 143 34 160 238 147 37 52 242 183 109 10 193 97 170 219 233 174 203 247 40 78 187 232 153 24 167 124 8 68 111 36 179 218 87 41 199 166 132 177 197 0 76 22 240 116 256 115 236 175 181 222 176 117 158 67 1 145 235 82 63 44 208 200 21 234 55 91 206 146 191 214 133 
173 8 209 17 147 232 212 120 67 59 125 203 66 132 243 97 136 158 106 115 185 23 154 159 251 151 214 181 63 0 65 176 48 47 111 137 221 250 19 7 190 234 145 98 170 237 253 130 187 244 166 148 102 113 32 172 4 112 242 211 223 68 71 38 129 100 179 144 43 210 44 256 208 119 83 69 95 131 51 53 33 84 10 247 94 219 216 146 199 249 42 70 34 230 225 235 87 52 85 116 254 189 163 142 21 169 226 161 41 64 241 75 35 238 25 168 140 73 229 153 6 252 62 88 127 101 194 39 
256 109 147 106 207 72 42 61 221 121 159 5 50 235 253 180 210 29 22 97 23 76 184 173 99 14 107 138 74 52 181 60 15 40 140 139 223 244 160 73 191 108 95 64 149 75 30 88 195 134 152 112 17 78 68 101 193 13 234 47 218 56 189 212 123 62 49 238 66 220 233 31 169 171 96 177 242 188 204 203 202 100 157 7 219 239 175 115 45 8 39 70 51 118 154 130 120 231 58 168 48 255 199 4 69 201 136 153 142 197 35 241 53 230 86 83 178 172 12 245 38 91 214 252 110 37 247 156 
149 246 60 8 12 100 177 28 92 230 37 164 163 256 183 175 139 188 225 104 223 16 171 187 213 48 66 154 181 89 18 118 146 172 41 233 69 219 46 98 34 88 36 137 200 106 42 167 63 4 83 78 7 65 95 110 20 91 211 90 162 74 132 80 156 122 22 229 199 157 96 125 179 119 93 134 87 49 38 35 204 127 184 54 169 168 217 198 117 238 39 15 176 61 145 58 114 249 102 232 111 126 99 40 120 239 59 235 182 75 85 128 151 155 116 9 29 231 252 64 189 97 81 202 14 142 113 103 
42 121 79 196 230 62 39 194 155 133 253 222 251 88 117 243 28 49 162 86 220 36 244 203 90 26 119 256 92 40 209 85 169 140 181 221 147 216 47 125 103 161 149 10 210 106 166 240 95 127 41 219 29 167 18 201 205 112 189 72 212 154 187 191 82 37 185 23 54 111 74 192 83 109 56 122 96 200 93 3 193 12 89 237 132 242 137 108 180 213 45 218 190 116 34 226 198 152 65 17 76 81 151 22 174 73 2 249 120 0 100 255 145 98 32 135 64 1 48 245 141 55 153 126 195 118 206 163 
180 126 145 149 190 83 14 32 201 231 113 120 173 61 76 187 89 185 119 207 125 123 255 21 219 29 174 31 51 136 1 4 229 233 106 28 191 200 195 59 216 47 117 74 111 9 38 70 144 137 18 39 194 35 107 196 227 10 15 134 109 53 130 236 221 167 168 17 220 2 217 5 27 146 108 8 158 56 114 155 188 253 202 184 6 36 222 82 228 209 204 153 135 11 92 169 171 181 93 250 177 151 95 97 247 88 214 242 81 124 122 230 241 203 67 208 33 127 43 225 49 22 162 206 85 46 218 94 
202 39 217 166 214 75 162 115 196 206 102 48 96 1 250 193 200 249 222 65 231 136 83 118 90 38 195 92 242 88 104 156 199 78 24 103 57 35 150 176 239 41 225 216 192 194 53 95 116 223 15 128 80 209 246 58 129 224 155 71 205 197 145 18 119 30 46 186 22 81 112 120 220 163 132 124 158 33 125 161 37 153 164 45 149 49 230 8 210 122 211 3 177 256 72 244 31 109 140 218 245 16 237 252 12 179 82 170 169 188 204 212 28 208 29 52 207 59 113 6 190 187 180 23 139 221 50 154 
87 199 77 211 117 147 89 62 155 16 207 219 56 81 178 42 72 120 252 170 227 145 231 10 7 44 248 136 222 47 186 123 114 205 146 221 177 172 30 228 93 164 127 134 167 203 181 129 241 245 173 214 54 8 9 159 111 74 91 48 175 210 188 190 242 235 17 212 12 20 256 166 67 201 78 202 70 96 76 99 204 140 209 122 73 21 191 158 130 33 6 160 57 29 108 65 138 208 19 86 244 0 171 223 169 233 97 121 196 66 18 24 236 25 198 251 112 40 37 35 182 94 105 116 165 185 38 254 
57 62 63 200 126 158 94 142 242 219 107 253 225 195 1 74 186 143 51 113 9 128 93 156 88 100 183 144 19 42 233 29 7 44 6 112 67 13 182 87 2 60 190 66 171 119 21 14 152 251 20 217 184 209 89 103 111 252 224 73 11 78 101 129 159 165 79 36 199 5 30 202 47 172 236 191 162 105 10 169 160 116 238 173 80 77 110 193 179 218 187 189 0 196 83 123 120 151 104 237 135 134 223 23 216 178 150 220 127 34 241 254 84 85 161 97 205 56 35 41 40 91 64 212 155 132 247 43 
58 193 49 137 75 103 209 125 107 54 236 105 36 202 214 45 187 33 200 12 83 65 41 11 254 213 163 76 102 47 199 241 168 192 61 154 185 9 80 63 135 164 122 51 239 240 251 119 2 146 175 115 170 204 86 208 232 14 71 3 94 59 256 233 162 227 131 211 148 128 124 223 222 134 195 169 98 52 118 238 77 21 123 215 109 212 5 207 243 84 220 73 95 90 42 55 25 97 29 149 23 139 93 159 147 19 249 56 143 17 235 158 27 89 140 253 22 250 216 153 13 126 186 91 198 225 174 184 
186 165 77 32 0 201 12 225 119 256 223 196 149 202 124 239 10 237 155 49 6 163 136 204 61 200 182 1 226 169 41 3 138 40 248 13 112 185 27 25 134 193 211 207 107 156 9 80 181 246 105 172 48 106 31 29 230 117 51 171 85 72 250 129 184 58 120 238 222 23 62 229 34 167 209 69 91 87 176 154 215 14 122 236 96 5 135 66 75 146 104 142 26 144 132 39 42 192 210 255 188 52 83 157 4 203 121 217 213 60 180 7 206 208 183 175 197 103 100 2 190 101 126 76 194 45 205 254 
209 141 20 90 211 56 212 113 202 187 254 14 84 249 180 37 165 19 149 220 134 184 33 167 46 198 47 206 231 108 13 201 228 196 100 18 120 28 146 194 236 170 195 58 210 232 240 107 3 140 207 219 160 244 5 200 119 85 123 250 150 241 124 48 98 117 190 110 234 186 159 64 154 147 204 247 238 216 36 205 133 62 22 51 35 115 230 67 103 191 239 177 68 77 11 142 193 66 9 99 171 179 199 164 139 114 251 153 161 93 7 2 130 86 17 60 97 137 70 183 106 118 30 112 29 246 245 243 
54 157 50 128 23 59 31 24 33 237 167 245 175 241 148 226 8 213 202 69 104 130 97 247 183 178 250 212 94 208 240 32 102 131 209 107 60 223 115 235 9 155 197 176 159 1 119 133 204 110 35 0 224 166 41 29 139 196 194 79 7 172 136 184 164 92 25 233 152 114 165 21 251 180 154 227 53 47 129 45 38 101 169 91 195 98 132 239 17 88 72 103 126 211 11 93 81 57 142 193 13 4 95 100 256 248 56 182 127 80 120 39 229 189 22 191 216 96 246 158 255 254 198 150 214 40 26 52 
8 49 75 11 151 90 24 114 73 233 29 187 156 237 126 181 197 167 244 37 122 38 21 97 133 50 201 179 207 149 191 53 16 45 113 254 3 214 105 117 141 183 22 61 14 85 109 159 255 57 238 142 129 125 17 234 169 84 248 171 170 190 215 173 34 153 70 120 253 71 143 42 74 166 47 7 18 211 136 15 241 98 172 82 195 229 60 30 87 144 86 96 101 175 23 210 56 63 188 239 189 69 146 46 89 55 92 127 208 1 31 236 256 212 81 28 160 164 155 79 176 80 116 250 230 206 209 200 
47 58 101 212 134 74 142 255 90 204 103 150 13 32 238 186 107 203 222 16 191 109 190 239 114 252 37 98 187 197 224 123 76 50 219 159 181 226 117 138 105 40 182 65 131 53 27 215 179 88 84 11 124 243 5 207 44 120 112 198 237 126 86 78 72 170 87 196 176 178 160 202 80 225 199 234 172 95 24 19 229 133 63 253 116 122 66 97 145 25 233 210 177 163 127 42 28 85 247 220 236 35 153 141 77 69 173 146 244 162 230 228 213 55 208 71 100 104 235 94 209 165 96 48 188 129 1 157 
177 77 221 139 210 84 93 209 28 238 117 158 153 66 105 56 204 102 36 217 143 112 152 195 94 8 240 256 216 45 230 82 72 223 208 3 4 146 171 161 47 125 132 178 130 81 86 116 74 148 255 228 78 26 189 24 51 104 14 79 29 126 2 63 31 80 5 248 89 71 151 96 48 20 172 44 10 168 131 245 90 92 135 229 54 38 236 180 70 154 173 43 183 196 85 83 192 22 145 214 170 107 133 106 124 213 0 241 155 159 59 200 157 49 34 122 232 57 233 123 249 41 142 242 53 227 191 160 
196 61 64 180 242 124 208 227 23 17 91 214 85 210 84 207 32 141 116 74 107 233 93 254 114 20 106 139 25 186 99 228 57 144 103 121 86 49 211 181 235 158 149 75 30 4 216 190 232 28 215 203 87 96 230 53 66 253 178 155 36 112 192 195 169 138 201 70 234 147 125 159 100 18 9 183 194 77 110 204 7 54 134 71 118 182 240 229 231 145 120 6 241 88 206 50 19 38 52 146 174 41 48 137 191 62 223 47 150 8 170 171 250 101 255 37 143 246 177 127 166 97 173 109 56 193 133 5 
14 105 72 124 166 118 97 227 148 242 256 214 122 156 121 192 42 81 35 198 175 41 4 15 71 194 147 215 100 229 55 46 83 59 183 180 99 19 199 86 144 233 213 134 43 150 65 66 197 22 158 48 206 161 13 93 17 7 178 149 253 246 11 40 26 143 250 225 87 126 6 255 24 79 60 52 91 212 70 209 85 186 31 73 117 95 128 96 2 1 219 54 173 104 30 63 182 47 102 125 129 140 160 238 5 188 179 27 64 245 157 39 120 252 25 249 53 139 251 49 50 29 18 90 240 94 107 226 
104 7 2 13 122 194 10 64 16 94 148 186 119 29 247 172 236 121 169 161 138 184 73 50 8 224 24 168 61 105 65 93 48 59 182 145 70 141 129 176 237 160 78 89 256 72 216 100 125 45 242 46 12 77 159 254 123 191 26 120 223 252 15 4 55 114 9 110 27 241 131 68 170 155 113 225 3 229 192 212 167 128 53 174 124 49 32 67 130 218 57 143 157 112 60 87 1 81 151 239 207 5 117 219 204 193 126 39 106 187 69 91 41 246 37 249 47 51 180 144 215 135 21 209 166 205 102 83 
18 161 32 213 4 202 64 49 250 111 187 146 243 194 16 13 193 25 120 140 130 237 58 107 209 61 232 172 85 228 33 162 240 125 41 143 98 46 244 14 20 155 96 56 192 149 251 60 144 90 160 31 48 9 252 109 169 123 11 124 249 246 168 94 166 122 28 171 27 8 253 217 151 36 43 218 139 12 7 112 21 134 132 248 222 207 256 159 242 182 89 178 115 176 77 184 150 198 235 229 62 215 189 156 170 154 76 142 104 116 22 6 181 73 231 79 204 2 214 80 135 247 148 220 177 236 167 57 
255 64 74 151 155 204 87 102 104 214 168 77 19 6 14 3 196 223 122 228 47 215 84 224 189 147 235 130 216 5 45 162 240 78 208 249 62 107 61 8 57 53 123 59 44 71 97 159 253 89 136 95 101 169 236 181 33 243 233 186 17 99 36 108 244 80 58 229 12 105 202 15 72 190 149 125 165 117 133 200 179 114 60 79 150 231 183 118 172 192 7 193 237 185 145 46 54 91 28 69 10 245 67 221 139 24 242 25 205 218 27 39 103 142 173 140 178 18 203 38 134 238 126 217 206 141 21 29 
39 120 117 240 249 51 181 50 169 102 230 46 61 245 74 151 45 231 67 133 97 37 21 19 158 142 246 232 103 186 194 109 218 70 118 217 155 105 149 75 80 140 183 54 73 188 215 57 185 193 95 204 131 76 22 184 12 241 164 87 108 34 31 96 255 182 201 247 33 53 49 121 208 236 4 92 6 195 83 27 220 35 7 209 179 165 171 190 174 63 62 42 156 129 141 143 5 244 48 154 47 98 132 124 104 52 66 212 55 198 210 123 224 166 146 207 15 8 16 189 168 78 239 1 152 40 213 125 
135 42 143 221 82 67 90 85 128 136 166 205 156 93 54 174 239 97 236 240 127 146 33 31 162 163 118 14 243 167 231 125 176 44 148 149 52 78 4 251 81 249 230 126 86 122 89 206 10 69 235 196 188 253 32 256 170 107 238 59 9 232 0 75 252 104 36 219 88 208 182 191 175 29 138 76 158 151 225 12 13 209 30 98 173 112 165 47 74 177 68 171 40 160 20 15 184 51 204 186 80 150 137 185 168 172 115 234 58 194 46 117 202 189 155 19 43 246 21 131 35 197 24 92 141 65 6 123 
227 42 31 106 87 188 84 97 12 242 236 191 176 240 33 222 252 228 239 206 71 200 220 17 199 138 18 151 104 29 158 154 173 98 126 75 136 215 32 34 94 135 163 5 177 189 27 128 67 132 51 139 165 194 225 73 168 117 155 100 208 134 16 114 235 46 231 63 170 107 74 174 23 143 3 102 103 53 64 41 30 54 213 237 226 204 119 22 167 256 186 243 245 116 108 152 20 175 44 171 251 81 83 203 92 181 96 112 101 105 66 79 219 125 248 69 178 214 52 38 166 127 118 49 19 157 210 48 
11 62 26 132 176 189 129 52 37 115 153 135 200 68 157 61 118 29 226 34 173 178 163 28 213 39 140 198 223 51 190 167 185 197 110 72 220 233 248 239 252 256 170 31 94 65 30 224 214 122 156 152 75 250 144 164 88 133 59 17 131 14 93 54 21 225 191 4 142 136 24 83 195 141 40 134 85 123 246 237 207 166 199 102 183 20 240 98 137 50 42 147 202 55 3 15 80 108 22 43 119 187 149 91 47 184 255 48 33 63 87 121 206 73 181 215 1 238 96 5 114 106 35 41 235 243 193 218 
94 74 99 196 107 4 232 193 181 45 96 31 160 43 51 165 183 130 89 33 186 19 218 121 90 177 91 82 127 12 112 117 101 224 68 179 202 208 9 56 36 131 142 76 239 150 228 48 70 35 106 40 29 55 20 22 227 54 80 69 190 198 16 2 185 109 249 237 143 100 53 77 44 159 153 220 238 250 184 61 119 234 213 149 139 118 156 98 173 254 128 97 114 214 46 113 215 37 194 64 103 248 223 41 25 162 166 7 243 200 145 125 242 92 167 174 235 13 229 140 245 151 105 222 111 18 62 141 
207 165 102 238 78 46 107 236 119 127 83 220 41 115 94 233 47 121 172 141 15 68 9 93 37 29 120 182 208 250 143 95 156 240 224 252 98 159 82 91 142 63 223 180 241 53 90 201 31 8 134 170 158 232 176 212 205 42 79 57 33 242 253 5 150 54 76 152 116 245 189 20 21 185 61 138 2 16 215 1 32 217 140 101 125 157 188 206 26 177 118 146 195 3 237 162 65 49 13 192 64 148 155 62 73 246 12 209 27 197 178 108 244 11 239 133 154 144 88 81 86 117 23 230 72 175 24 216 
103 232 210 97 188 160 149 201 120 216 162 29 71 89 48 207 243 121 6 212 37 248 156 92 40 238 176 182 175 52 14 229 228 22 46 5 69 35 193 136 144 74 143 255 251 226 192 183 174 181 80 38 240 245 33 87 100 209 39 194 7 99 166 84 31 47 202 184 81 42 146 224 54 85 0 108 153 49 167 86 179 123 21 205 50 58 55 234 41 117 223 138 23 9 110 76 165 147 155 8 51 219 171 173 142 170 239 11 130 44 67 77 215 161 235 78 189 252 200 106 168 158 45 95 122 163 114 56 
51 5 167 240 9 72 85 254 63 171 37 142 118 29 18 90 32 104 251 81 64 55 12 144 152 111 102 162 46 60 209 34 84 126 76 93 150 178 101 15 163 223 151 235 231 198 42 71 58 120 27 57 214 188 53 180 244 195 242 106 201 108 154 252 256 237 17 199 113 143 86 193 216 182 146 210 187 255 88 217 149 38 234 169 77 56 141 78 83 174 230 130 4 172 205 7 23 47 175 25 160 122 79 184 137 33 181 226 36 233 125 215 204 190 121 134 185 123 245 115 96 211 139 3 156 65 246 110 
12 67 245 0 120 18 221 33 168 199 161 78 68 16 208 219 111 11 76 231 122 140 170 182 154 125 169 255 90 46 21 158 256 234 225 66 156 59 213 230 222 35 63 69 32 103 150 80 22 128 36 220 1 138 163 97 254 206 193 229 25 133 4 123 232 188 157 113 41 29 23 174 107 26 100 215 24 7 155 73 186 55 176 38 39 144 5 226 44 216 8 93 116 167 190 52 109 173 251 74 108 152 132 56 189 135 145 184 233 6 218 86 244 92 179 99 159 95 83 252 77 235 214 202 45 47 14 130 
120 164 243 86 7 165 171 109 9 210 13 8 107 110 31 193 242 145 26 57 254 20 63 235 159 194 179 178 141 238 126 240 125 146 195 87 62 44 27 106 155 59 121 89 201 34 150 108 55 211 14 92 246 143 169 170 75 256 175 93 182 50 79 202 114 160 66 1 81 25 137 196 204 82 233 166 113 111 90 56 2 184 117 136 95 18 197 85 209 186 36 220 99 147 199 231 172 237 188 227 173 142 45 71 180 52 174 68 200 232 123 96 83 154 234 127 47 98 97 247 192 24 15 32 19 4 41 112 
77 136 162 67 32 87 51 4 116 142 124 137 212 86 143 147 134 129 108 17 252 50 14 176 62 229 19 191 118 156 82 255 72 6 97 109 215 68 177 12 98 21 161 195 151 3 221 237 60 58 9 22 125 140 249 123 34 94 240 198 148 133 28 96 145 163 226 138 149 40 139 26 190 7 192 227 107 185 130 11 36 186 10 33 173 0 25 206 181 115 5 241 172 31 213 80 224 38 244 216 247 167 16 184 188 203 55 204 160 52 250 132 106 85 59 30 20 171 121 205 27 2 179 1 105 57 23 174 
156 45 199 90 11 124 208 172 161 145 106 109 192 63 152 241 33 245 165 188 112 13 123 47 74 255 81 191 127 181 79 44 186 169 70 129 107 198 98 215 4 95 212 31 17 125 227 88 22 67 136 5 164 14 256 244 1 182 144 105 82 10 94 155 135 213 237 204 173 230 119 162 197 30 146 190 58 154 151 170 159 134 176 12 250 239 179 80 166 254 97 24 114 238 205 52 168 49 84 37 193 217 102 61 23 187 3 7 55 232 104 225 163 25 141 20 9 174 148 138 228 185 110 18 42 93 0 41 
39 109 90 165 9 52 121 43 168 204 66 180 222 224 145 185 6 12 17 23 37 122 53 87 81 64 243 199 198 74 105 152 62 93 50 216 143 176 29 238 119 227 175 79 113 5 4 210 255 237 164 80 36 42 229 170 187 127 178 223 194 2 46 82 209 217 91 231 108 49 78 142 63 55 252 245 14 219 76 125 200 228 114 203 149 65 235 120 95 100 32 85 25 249 156 45 134 192 244 54 40 173 27 96 103 3 15 124 24 195 115 13 68 61 190 207 150 34 11 58 146 75 162 106 71 155 177 137 
140 85 143 142 116 168 256 158 37 228 14 115 239 79 81 190 237 92 20 211 250 148 88 141 160 177 252 55 110 156 97 229 18 19 178 136 198 207 96 63 13 51 34 251 45 43 67 155 61 30 36 80 120 247 126 69 15 169 230 119 248 255 87 106 5 6 12 127 233 144 232 104 188 196 4 118 204 1 26 38 214 216 194 114 78 24 242 47 192 27 200 235 218 21 10 131 56 197 221 201 215 53 223 44 35 234 23 202 191 128 99 75 139 163 11 224 166 149 108 150 103 59 17 28 121 98 0 217 
87 248 164 194 10 23 142 215 3 109 77 20 182 150 138 118 103 88 206 156 179 16 73 6 235 86 67 64 203 212 89 66 33 106 81 61 28 84 214 162 207 246 114 53 4 166 227 83 202 197 98 238 169 195 27 196 217 167 55 1 201 74 46 38 221 18 110 65 100 180 232 199 171 29 127 45 240 93 17 82 136 256 188 15 68 145 30 135 177 50 228 56 94 141 48 21 128 71 54 176 147 243 130 115 193 12 122 49 102 174 72 39 208 213 205 126 165 255 219 149 116 140 120 2 11 231 78 139 
88 106 222 32 147 139 142 98 3 36 201 202 248 68 29 12 27 216 93 204 226 2 198 92 6 69 230 148 143 162 62 245 233 136 135 178 132 30 182 252 159 121 75 129 244 16 110 221 140 174 44 38 243 153 232 101 108 168 111 50 10 238 246 225 94 127 122 144 63 71 149 155 200 73 228 45 234 41 26 183 161 249 184 65 160 241 119 131 86 115 134 42 166 107 0 100 57 8 240 34 76 242 90 208 170 138 188 247 128 223 43 133 190 151 40 99 4 114 117 180 156 211 23 210 24 173 256 49 
256 54 100 72 63 123 75 192 214 120 70 170 144 137 249 61 180 179 80 81 217 85 111 169 231 37 175 160 202 157 69 131 195 11 42 12 228 8 244 189 35 133 207 65 147 211 33 95 83 162 91 245 233 143 45 60 23 206 55 53 62 158 107 188 186 165 97 121 152 142 25 184 150 50 0 171 203 250 48 58 146 145 173 98 127 132 242 126 94 167 90 84 104 79 222 29 239 115 64 110 236 108 124 36 139 164 229 130 49 31 46 140 241 40 204 88 114 106 4 86 103 15 151 226 112 187 177 212 
110 171 144 41 32 147 52 168 3 15 237 26 240 27 146 135 67 165 106 28 220 215 34 104 131 152 116 42 76 81 239 113 25 213 61 5 97 178 82 218 114 102 159 18 246 24 96 204 47 46 20 9 219 85 242 175 253 164 64 241 7 70 77 109 247 36 186 2 227 197 100 198 119 90 174 56 140 22 44 14 101 153 209 167 62 91 255 185 211 48 94 200 111 87 40 245 250 158 112 0 252 129 50 65 89 38 244 4 194 103 19 69 192 121 39 33 43 53 243 196 136 234 202 138 8 1 16 163 
240 107 59 84 100 241 99 131 56 43 38 24 90 103 196 63 44 154 201 72 51 119 180 178 194 199 8 33 94 25 89 225 250 50 164 76 62 186 101 146 152 57 113 47 153 248 179 122 3 83 215 104 176 239 224 30 125 35 93 9 166 120 124 237 138 246 150 160 16 23 98 139 172 34 2 168 102 26 181 222 165 105 41 95 36 137 70 214 81 42 254 136 64 209 18 46 19 123 73 207 97 203 112 157 170 7 118 148 14 245 232 129 219 117 218 106 22 174 187 67 135 86 132 233 169 208 210 143 
91 191 29 36 58 183 100 255 233 34 33 101 175 43 69 141 40 234 188 7 16 110 251 77 111 53 229 235 93 41 114 225 148 173 237 37 215 57 99 50 55 11 178 84 31 228 13 231 179 209 166 42 207 142 151 241 168 252 177 97 220 180 143 162 104 74 230 47 138 105 44 161 226 158 113 256 131 239 245 54 160 90 133 94 134 210 122 118 28 21 232 190 216 10 238 217 219 65 85 186 20 124 6 64 96 247 106 35 112 48 87 62 18 130 137 201 51 185 56 165 221 147 88 129 236 250 203 116 
234 192 145 190 83 76 194 116 27 91 140 216 195 74 18 170 87 214 97 177 184 129 93 55 30 61 90 188 166 178 39 227 1 240 173 123 223 80 249 215 183 204 168 92 154 96 62 99 63 106 8 11 130 220 250 36 51 211 191 239 235 82 218 226 38 16 228 155 119 34 197 78 156 50 255 256 133 12 153 143 6 24 180 100 9 196 164 132 212 7 10 151 85 248 150 244 44 59 139 103 58 238 202 70 246 86 114 135 219 187 49 102 241 109 128 77 171 189 42 200 20 203 142 118 108 5 179 81 
189 99 6 105 5 42 33 214 47 228 56 174 248 212 233 167 232 200 90 101 125 84 52 51 256 13 246 7 140 229 114 155 251 96 73 210 175 180 23 196 116 141 218 150 86 151 98 236 43 2 46 89 161 106 182 62 21 235 100 26 72 61 83 44 66 59 63 71 139 135 8 76 153 147 168 204 238 58 0 109 92 171 119 60 70 110 241 249 162 49 195 79 226 127 231 198 213 28 126 91 177 80 190 163 123 227 144 208 253 185 242 221 164 34 4 202 40 152 211 74 124 102 12 41 203 29 48 132 
191 111 113 78 194 18 159 53 214 248 198 48 233 158 26 138 47 209 150 179 60 15 245 120 167 224 189 75 216 61 87 165 68 160 217 16 121 210 80 199 119 115 9 180 207 102 227 12 251 82 126 240 3 84 212 162 56 252 256 124 76 58 242 72 187 62 17 44 171 223 83 172 88 51 185 221 79 10 137 14 211 140 161 11 215 31 112 67 86 184 108 117 43 176 23 41 228 149 133 99 85 168 130 231 125 243 241 146 153 173 148 225 106 230 94 186 183 97 116 114 6 1 129 25 188 132 34 201 
103 129 153 251 10 194 255 80 190 56 94 19 22 96 131 53 185 47 169 85 187 48 107 25 252 42 64 36 116 32 87 120 183 112 134 101 67 28 118 46 145 51 212 204 181 69 175 163 135 149 155 119 68 126 221 202 63 81 33 174 242 21 50 148 222 59 151 224 121 57 240 102 125 239 236 210 13 9 177 215 141 108 150 220 100 12 84 89 130 246 110 124 78 35 4 73 86 75 205 41 206 208 2 142 0 91 140 6 249 7 18 213 72 109 44 143 207 178 5 147 144 248 179 186 93 65 164 17 
243 33 192 204 40 248 90 0 10 212 83 221 172 254 37 3 234 43 107 157 126 26 225 95 92 167 71 162 114 79 146 96 124 28 165 52 166 134 14 218 143 63 236 226 228 173 169 65 61 148 67 253 216 176 15 5 158 39 224 132 188 122 131 59 211 22 140 210 74 129 186 183 197 159 120 184 171 45 202 108 6 215 130 97 125 42 49 58 57 151 199 110 70 242 18 113 85 91 16 175 187 7 76 47 163 81 34 32 237 2 149 198 170 203 229 247 29 255 118 12 62 51 27 21 117 207 233 82 
41 105 58 195 217 34 192 45 128 237 102 196 244 137 96 20 219 236 125 204 153 92 148 39 171 210 23 54 252 126 152 182 134 124 84 214 181 173 98 176 247 140 82 242 68 255 143 9 174 225 97 216 159 221 47 107 234 208 18 112 157 76 30 46 80 99 51 156 75 212 160 230 150 117 253 138 12 167 241 35 158 56 26 103 95 136 67 37 118 205 206 248 113 43 240 189 87 119 178 209 235 0 127 110 224 17 14 101 78 116 177 36 93 21 86 22 71 135 207 52 190 42 85 164 121 170 50 144 
155 22 64 148 127 25 39 188 191 69 75 165 240 208 158 91 185 70 110 114 143 73 59 122 193 146 176 213 37 27 11 243 138 71 139 190 164 249 106 9 132 154 234 187 111 216 175 205 103 121 124 204 215 95 58 195 183 186 40 131 129 74 5 81 160 82 52 227 79 236 130 220 151 105 178 13 104 53 135 88 192 207 246 107 109 42 228 144 140 123 241 19 210 221 197 142 200 251 222 229 170 203 255 119 45 153 177 56 97 182 115 256 137 150 126 29 217 230 118 168 15 66 201 65 93 1 166 17 
161 184 158 104 72 233 181 194 255 131 143 113 185 215 187 174 89 139 27 76 68 216 227 206 171 136 251 100 217 97 90 125 58 39 163 253 93 21 99 11 117 57 195 164 96 83 17 33 53 15 25 40 20 205 138 207 51 170 79 106 30 86 135 213 110 67 155 114 149 140 52 162 172 118 221 191 16 244 42 210 77 123 198 247 165 179 132 154 94 127 109 209 178 237 55 66 75 183 2 95 0 31 36 62 108 144 173 63 157 4 32 122 116 98 121 160 189 1 70 202 49 26 22 239 84 87 250 223 
176 153 237 164 203 235 145 53 20 12 169 29 181 50 227 137 116 170 101 30 130 71 250 55 35 229 134 182 256 192 154 217 174 41 57 123 102 199 91 2 8 212 240 117 194 5 195 210 42 236 110 88 140 37 59 149 33 222 66 213 183 21 48 9 73 120 85 242 128 147 138 206 132 39 219 74 127 77 209 15 218 225 1 253 131 245 46 226 107 255 32 247 204 129 142 180 118 56 43 224 109 97 143 89 16 125 211 150 4 34 239 124 40 90 214 141 243 106 119 79 38 184 179 115 65 249 146 159 
46 96 236 152 241 213 17 226 224 215 69 167 228 242 130 97 47 65 27 217 142 120 107 104 116 240 195 131 1 22 110 52 136 138 134 68 91 165 168 85 188 250 143 189 147 149 63 171 25 84 6 202 11 74 24 122 156 124 99 80 144 203 206 89 177 71 176 73 155 252 251 61 98 207 88 76 42 121 114 127 129 172 45 169 14 77 210 23 183 159 219 254 81 185 235 78 128 48 100 196 209 182 101 103 239 157 92 4 190 117 118 173 55 154 86 255 205 64 38 62 125 9 146 37 54 248 184 102 
73 65 157 120 109 63 84 1 147 156 94 12 74 56 121 118 180 152 174 249 153 33 5 106 251 188 68 247 220 133 95 24 34 17 165 158 107 89 96 248 115 139 203 187 201 191 14 87 101 72 162 64 103 145 29 172 167 239 22 199 209 230 219 197 212 4 216 117 43 193 69 122 151 0 222 198 138 215 234 225 88 97 242 137 61 256 228 233 231 75 9 196 226 11 218 19 255 252 51 184 123 62 186 39 223 206 128 8 169 182 136 59 240 149 176 91 38 7 108 254 53 241 2 3 141 79 217 124 
